1 A -4.033 0
1 D -4.349 0
1 E -4.653 0
1 L -4.431 0
1 P -4.128 0
1 Q -4.291 0
1 R -4.526 0
1 S -4.707 0
1 T -4.421 0
1 Y -4.519 0
1 M -4 1
1 N 1000 0
1 C 1000 0
1 G 1000 0
1 H 1000 0
1 I 1000 0
1 K 1000 0
1 F 1000 0
1 W 1000 0
1 V 1000 0
2 E -4.094 0
2 F -4.313 0
2 G -3.376 0
2 H -3.827 0
2 I -4.968 0
2 L -4.448 0
2 N -3.861 0
2 Q -4.376 0
2 R -4.121 0
2 V -5.516 0
2 Y -4.178 0
2 T -4 1
2 A 1000 0
2 D 1000 0
2 C 1000 0
2 K 1000 0
2 M 1000 0
2 P 1000 0
2 S 1000 0
2 W 1000 0
3 A -0.0 0
3 D -0.0 0
3 E -0.0 0
3 F -4.425 0
3 G -2.443 0
3 H -0.0 0
3 I -0.7137 0
3 K -4.917 0
3 L -0.7136 0
3 M -1.503 0
3 N -0.0 0
3 P -0.0 0
3 Q -0.0 0
3 S -0.0 0
3 T -0.0 0
3 V -0.0 0
3 Y -4 1
3 R 1000 0
3 C 1000 0
3 W 1000 0
4 A -3.679 0
4 D -1.869 0
4 E -2.54 0
4 F -4.924 0
4 G -2.697 0
4 H -4.594 0
4 I -5.023 0
4 L -3.483 0
4 M -4.592 0
4 N -3.782 0
4 P -0.0 0
4 Q -3.819 0
4 R -4.685 0
4 S -4.177 0
4 T -4.028 0
4 V -3.624 0
4 Y -4.55 0
4 K -4 1
4 C 1000 0
4 W 1000 0
5 A -2.107 0
5 D -0.0 0
5 E -0.0 0
5 F -3.609 0
5 G -0.0 0
5 H -0.0 0
5 I -2.759 0
5 K -0.0 0
5 M -3.477 0
5 N -0.0 0
5 P -2.089 0
5 Q -0.0 0
5 R -4.736 0
5 S -0.0 0
5 T -0.0 0
5 V -2.891 0
5 Y -1.237 0
5 L -4 1
5 C 1000 0
5 W 1000 0
6 A -2.938 0
6 D -2.052 0
6 E -2.988 0
6 F -3.942 0
6 G -0.9341 0
6 H -2.861 0
6 K -3.573 0
6 L -3.897 0
6 M -3.618 0
6 N -3.304 0
6 P -0.0 0
6 Q -3.509 0
6 R -3.338 0
6 S -2.681 0
6 T -3.252 0
6 V -4.616 0
6 Y -3.838 0
6 I -4 1
6 C 1000 0
6 W 1000 0
7 A -2.667 0
7 D -0.872 0
7 E -1.201 0
7 F -4.263 0
7 G -0.0 0
7 H -2.524 0
7 I -4.786 0
7 N -0.0 0
7 P -1.151 0
7 Q -2.598 0
7 R -2.024 0
7 S -2.205 0
7 T -2.911 0
7 V -3.927 0
7 Y -3.927 0
7 L -4 1
7 C 1000 0
7 K 1000 0
7 M 1000 0
7 W 1000 0
8 A -3.743 0
8 D -4.159 0
8 E -3.956 0
8 F -4.346 0
8 G -3.207 0
8 H -4.341 0
8 I -4.545 0
8 K -4.495 0
8 L -5.028 0
8 M -4.497 0
8 P -2.588 0
8 Q -4.334 0
8 R -4.686 0
8 S -4.015 0
8 T -3.375 0
8 V -4.058 0
8 Y -4.147 0
8 N -4 1
8 C 1000 0
8 W 1000 0
9 A -3.757 0
9 D -1.363 0
9 E -2.0 0
9 F -3.992 0
9 H -2.812 0
9 I -3.393 0
9 K -2.845 0
9 M -3.348 0
9 N -2.732 0
9 P -1.496 0
9 Q -2.993 0
9 R -3.152 0
9 S -4.043 0
9 T -4.073 0
9 V -3.584 0
9 Y -3.499 0
9 G -4 1
9 C 1000 0
9 L 1000 0
9 W 1000 0
10 A -4.255 0
10 D -3.449 0
10 E -4.617 0
10 F -4.176 0
10 G -3.67 0
10 H -4.142 0
10 I -4.431 0
10 L -4.662 0
10 M -4.317 0
10 N -4.098 0
10 P -3.819 0
10 Q -4.079 0
10 R -4.681 0
10 S -3.834 0
10 T -4.256 0
10 V -4.384 0
10 Y -4.53 0
10 K -4 1
10 C 1000 0
10 W 1000 0
11 A -4.304 0
11 D -4.42 0
11 E -4.444 0
11 F -4.649 0
11 G -3.952 0
11 H -4.287 0
11 I -4.588 0
11 K -4.341 0
11 L -4.343 0
11 M -4.47 0
11 N -3.988 0
11 P -3.051 0
11 Q -4.632 0
11 R -4.366 0
11 S -4.27 0
11 V -4.619 0
11 Y -4.059 0
11 T -4 1
11 C 1000 0
11 W 1000 0
12 A -3.729 0
12 D -3.305 0
12 E -3.686 0
12 G -3.723 0
12 H -4.318 0
12 I -5.089 0
12 K -4.715 0
12 M -4.302 0
12 N -4.144 0
12 P -2.801 0
12 Q -4.149 0
12 R -4.256 0
12 S -3.954 0
12 T -4.562 0
12 V -4.611 0
12 Y -5.787 0
12 L -4 1
12 C 1000 0
12 F 1000 0
12 W 1000 0
13 A -4.359 0
13 D -3.491 0
13 E -3.967 0
13 F -4.646 0
13 G -3.64 0
13 I -4.14 0
13 L -3.876 0
13 M -4.41 0
13 N -3.941 0
13 P -3.017 0
13 Q -5.133 0
13 R -4.257 0
13 S -4.609 0
13 T -4.194 0
13 V -4.577 0
13 Y -4.607 0
13 K -4 1
13 C 1000 0
13 H 1000 0
13 W 1000 0
14 A -4.52 0
14 D -3.988 0
14 E -4.489 0
14 F -4.541 0
14 H -4.1 0
14 I -4.642 0
14 K -4.785 0
14 L -5.153 0
14 M -4.996 0
14 N -4.01 0
14 P -3.041 0
14 Q -4.518 0
14 R -4.95 0
14 S -4.51 0
14 T -4.183 0
14 V -4.359 0
14 Y -4.089 0
14 G -4 1
14 C 1000 0
14 W 1000 0
15 A -4.565 0
15 D -3.86 0
15 F -4.369 0
15 G -3.744 0
15 H -3.656 0
15 I -4.496 0
15 K -4.136 0
15 L -4.064 0
15 M -4.781 0
15 N -4.231 0
15 P -1.886 0
15 Q -4.996 0
15 R -4.289 0
15 S -4.018 0
15 T -3.757 0
15 V -4.952 0
15 Y -4.549 0
15 E -4 1
15 C 1000 0
15 W 1000 0
16 A -4.352 0
16 D -2.948 0
16 E -3.736 0
16 F -5.882 0
16 G -2.797 0
16 H -4.551 0
16 I -4.798 0
16 K -4.35 0
16 L -4.878 0
16 M -4.694 0
16 N -3.979 0
16 P -2.094 0
16 Q -4.396 0
16 R -4.593 0
16 S -4.042 0
16 V -4.274 0
16 Y -5.158 0
16 T -4 1
16 C 1000 0
16 W 1000 0
17 A -3.878 0
17 D -3.717 0
17 E -4.341 0
17 F -4.647 0
17 G -2.936 0
17 H -3.965 0
17 I -4.04 0
17 K -3.936 0
17 L -3.918 0
17 M -4.168 0
17 N -3.921 0
17 P -2.006 0
17 Q -4.3 0
17 R -4.303 0
17 S -4.409 0
17 V -4.253 0
17 Y -4.59 0
17 T -4 1
17 C 1000 0
17 W 1000 0
18 A -4.406 0
18 D -2.238 0
18 E -3.351 0
18 F -4.661 0
18 G -2.222 0
18 H -3.677 0
18 I -4.779 0
18 K -3.14 0
18 L -4.909 0
18 M -4.907 0
18 N -3.266 0
18 P -0.0 0
18 Q -3.448 0
18 R -3.661 0
18 S -3.233 0
18 V -4.211 0
18 Y -4.1 0
18 T -4 1
18 C 1000 0
18 W 1000 0
19 A -4.161 0
19 D -4.203 0
19 F -4.703 0
19 G -2.441 0
19 H -3.955 0
19 I -4.829 0
19 K -4.429 0
19 L -4.277 0
19 M -4.076 0
19 N -4.611 0
19 P -3.281 0
19 Q -4.445 0
19 R -4.754 0
19 S -4.072 0
19 T -4.647 0
19 V -3.453 0
19 Y -4.633 0
19 E -4 1
19 C 1000 0
19 W 1000 0
20 D -2.441 0
20 E -3.481 0
20 F -2.1 0
20 G -2.95 0
20 H -2.141 0
20 I -2.156 0
20 K -2.27 0
20 L -1.999 0
20 M -2.78 0
20 N -1.094 0
20 P -0.005928 0
20 Q -4.229 0
20 R -2.594 0
20 S -3.869 0
20 T -3.044 0
20 V -3.199 0
20 Y -2.096 0
20 A -4 1
20 C 1000 0
20 W 1000 0
21 A -4.486 0
21 D -4.509 0
21 E -4.801 0
21 F -5.255 0
21 G -4.215 0
21 H -4.166 0
21 I -4.501 0
21 K -4.508 0
21 L -4.395 0
21 M -4.629 0
21 N -4.514 0
21 P -4.765 0
21 Q -4.168 0
21 R -4.512 0
21 S -4.481 0
21 T -4.107 0
21 V -4 1
21 C 1000 0
21 W 1000 0
21 Y 1000 0
22 A -2.994 0
22 E -3.232 0
22 F -2.892 0
22 G -2.984 0
22 H -3.061 0
22 I -1.63 0
22 K -2.776 0
22 L -2.634 0
22 M -2.382 0
22 N -4.105 0
22 P -1.105 0
22 Q -2.814 0
22 R -2.481 0
22 S -4.766 0
22 T -3.582 0
22 V -2.674 0
22 Y -2.794 0
22 D -4 1
22 C 1000 0
22 W 1000 0
23 D -3.586 0
23 E -4.051 0
23 F -4.64 0
23 G -3.219 0
23 H -3.91 0
23 I -4.659 0
23 K -4.4 0
23 L -4.267 0
23 N -3.904 0
23 P -3.802 0
23 Q -4.955 0
23 R -4.637 0
23 S -4.176 0
23 T -4.566 0
23 V -4.417 0
23 Y -4.363 0
23 A -4 1
23 C 1000 0
23 M 1000 0
23 W 1000 0
24 D -4.249 0
24 E -4.686 0
24 F -4.7 0
24 G -4.185 0
24 H -3.492 0
24 I -4.592 0
24 K -4.812 0
24 L -4.215 0
24 M -4.571 0
24 N -3.636 0
24 P -3.841 0
24 Q -3.952 0
24 R -4.596 0
24 S -4.233 0
24 T -4.362 0
24 V -4.212 0
24 Y -4.537 0
24 A -4 1
24 C 1000 0
24 W 1000 0
25 A -4.959 0
25 D -4.225 0
25 E -4.467 0
25 F -4.527 0
25 G -4.196 0
25 H -4.614 0
25 I -3.577 0
25 K -3.92 0
25 L -3.97 0
25 M -4.166 0
25 N -4.033 0
25 P -2.006 0
25 Q -4.364 0
25 R -3.958 0
25 S -4.523 0
25 V -3.955 0
25 Y -4.216 0
25 T -4 1
25 C 1000 0
25 W 1000 0
26 D -0.0 0
26 E -0.0 0
26 F -0.0 0
26 G -0.0 0
26 H -0.0 0
26 I -0.0 0
26 K -0.0 0
26 L -0.0 0
26 M -0.0 0
26 N -0.0 0
26 P -0.0 0
26 Q -0.0 0
26 R -0.0 0
26 S -1.685 0
26 T -0.0 0
26 V -1.596 0
26 Y -0.0 0
26 A -4 1
26 C 1000 0
26 W 1000 0
27 A -4.525 0
27 D -3.452 0
27 F -6.01 0
27 G -4.093 0
27 H -0.0 0
27 I -4.11 0
27 K -4.917 0
27 L -5.843 0
27 M -5.057 0
27 N -1.98 0
27 P -0.0 0
27 Q -4.476 0
27 R -4.434 0
27 S -3.65 0
27 T -3.127 0
27 V -2.997 0
27 Y -4.098 0
27 E -4 1
27 C 1000 0
27 W 1000 0
28 A -4.588 0
28 D -4.084 0
28 E -4.492 0
28 F -4.253 0
28 G -4.015 0
28 H -4.018 0
28 I -4.778 0
28 L -4.207 0
28 M -4.618 0
28 N -4.501 0
28 P -2.949 0
28 Q -4.564 0
28 R -4.978 0
28 S -4.368 0
28 T -4.264 0
28 V -4.269 0
28 Y -4.248 0
28 K -4 1
28 C 1000 0
28 W 1000 0
29 A -4.281 0
29 D -3.853 0
29 E -4.13 0
29 F -4.446 0
29 G -3.195 0
29 H -4.175 0
29 I -4.544 0
29 K -4.357 0
29 L -4.267 0
29 M -4.207 0
29 N -3.786 0
29 P -1.352 0
29 Q -4.475 0
29 R -4.477 0
29 S -3.918 0
29 T -4.583 0
29 Y -3.861 0
29 V -4 1
29 C 1000 0
29 W 1000 0
30 A -1.045 0
30 D -3.455 0
30 E -0.0 0
30 G -0.0 0
30 H -0.0 0
30 I -0.0 0
30 K -0.0 0
30 L -3.574 0
30 M -2.538 0
30 N -0.0 0
30 P -0.0 0
30 Q -0.0 0
30 R -3.82 0
30 S -0.0 0
30 T -0.0 0
30 V -1.61 0
30 Y -4.661 0
30 F -4 1
30 C 1000 0
30 W 1000 0
31 A -3.577 0
31 D -0.0 0
31 E -3.081 0
31 F -3.735 0
31 G -2.857 0
31 H -0.0 0
31 I -4.115 0
31 L -4.09 0
31 M -4.472 0
31 N -3.421 0
31 P -0.0 0
31 Q -4.467 0
31 R -0.0 0
31 S -3.255 0
31 T -3.607 0
31 V -4.253 0
31 Y -3.434 0
31 K -4 1
31 C 1000 0
31 W 1000 0
32 A -4.102 0
32 D -4.0 0
32 E -4.313 0
32 F -3.442 0
32 G -3.557 0
32 H -3.784 0
32 I -4.07 0
32 K -4.545 0
32 L -4.084 0
32 M -4.721 0
32 N -3.885 0
32 P -4.614 0
32 R -4.333 0
32 S -4.263 0
32 T -4.489 0
32 V -3.874 0
32 Y -3.742 0
32 Q -4 1
32 C 1000 0
32 W 1000 0
33 A -2.459 0
33 D -0.0 0
33 E -2.296 0
33 F -4.207 0
33 G -0.5553 0
33 H -2.578 0
33 I -3.85 0
33 K -2.584 0
33 L -3.224 0
33 M -3.55 0
33 N -2.124 0
33 P -0.0 0
33 Q -2.779 0
33 R -2.218 0
33 T -2.448 0
33 V -3.675 0
33 Y -4 1
33 C 1000 0
33 S 1000 0
33 W 1000 0
34 D -0.0 0
34 E -1.434 0
34 F -2.146 0
34 G -2.6 0
34 H -0.4145 0
34 I -3.327 0
34 K -1.256 0
34 L -4.22 0
34 M -3.717 0
34 N -2.63 0
34 P -0.0 0
34 Q -1.738 0
34 R -0.406 0
34 S -3.569 0
34 T -3.718 0
34 V -4.155 0
34 Y -2.034 0
34 A -4 1
34 C 1000 0
34 W 1000 0
35 A -4.4 0
35 D -4.024 0
35 E -4.617 0
35 F -4.901 0
35 G -4.131 0
35 H -3.85 0
35 I -4.549 0
35 K -4.927 0
35 L -4.658 0
35 M -3.828 0
35 P -0.0 0
35 Q -4.759 0
35 R -4.122 0
35 S -4.744 0
35 T -4.511 0
35 V -4.373 0
35 Y -4.798 0
35 N -4 1
35 C 1000 0
35 W 1000 0
36 A -4.364 0
36 E -5.137 0
36 F -3.781 0
36 G -2.891 0
36 H -3.827 0
36 I -4.262 0
36 K -4.117 0
36 L -4.244 0
36 M -4.551 0
36 N -4.515 0
36 P -1.319 0
36 Q -4.39 0
36 R -4.348 0
36 S -4.517 0
36 T -3.748 0
36 V -4.381 0
36 Y -4.563 0
36 D -4 1
36 C 1000 0
36 W 1000 0
37 A -4.279 0
37 D -2.933 0
37 E -3.899 0
37 F -4.95 0
37 G -3.065 0
37 H -4.477 0
37 I -4.293 0
37 K -5.023 0
37 L -4.711 0
37 M -3.824 0
37 P 0.1187 0
37 Q -4.95 0
37 R -4.205 0
37 S -4.25 0
37 T -4.192 0
37 V -4.215 0
37 Y -4.721 0
37 N -4 1
37 C 1000 0
37 W 1000 0
38 D -4.056 0
38 E -3.903 0
38 F -3.829 0
38 H -4.618 0
38 I -2.593 0
38 K -4.418 0
38 L -4.172 0
38 M -3.618 0
38 N -4.32 0
38 P -1.281 0
38 Q -4.3 0
38 R -3.578 0
38 S -3.917 0
38 T -3.171 0
38 V -2.834 0
38 Y -3.542 0
38 G -4 1
38 A 1000 0
38 C 1000 0
38 W 1000 0
39 A -2.286 0
39 D -0.4474 0
39 E -3.574 0
39 F -4.73 0
39 G -1.719 0
39 H -2.503 0
39 I -4.908 0
39 K -2.122 0
39 L -4.29 0
39 M -3.764 0
39 N -0.0 0
39 P -1.723 0
39 Q -2.529 0
39 R -2.022 0
39 S -2.381 0
39 T -2.877 0
39 Y -3.505 0
39 V -4 1
39 C 1000 0
39 W 1000 0
40 A -4.063 0
40 E -4.397 0
40 F -4.482 0
40 G -3.824 0
40 H -0.0 0
40 I -4.454 0
40 K -4.471 0
40 L -4.048 0
40 M -4.482 0
40 N -4.635 0
40 P -2.23 0
40 Q -4.659 0
40 R -4.451 0
40 S -4.496 0
40 T -4.561 0
40 V -4.53 0
40 Y -4.569 0
40 D -4 1
40 C 1000 0
40 W 1000 0
41 A -4.462 0
41 E -0.0 0
41 F -1.586 0
41 H -0.0 0
41 I -4.596 0
41 K -1.707 0
41 L -0.0 0
41 M -4.112 0
41 N -0.0 0
41 P -0.0 0
41 Q -0.0 0
41 R -4.377 0
41 S -0.0 0
41 T -0.0 0
41 V -0.0 0
41 Y -1.475 0
41 G -4 1
41 D 1000 0
41 C 1000 0
41 W 1000 0
42 A -4.89 0
42 D -4.659 0
42 F -4.534 0
42 G -3.059 0
42 I -5.261 0
42 K -4.576 0
42 L -4.587 0
42 M -4.425 0
42 N -4.17 0
42 P -2.801 0
42 Q -4.733 0
42 R -4.53 0
42 S -3.921 0
42 T -3.881 0
42 V -3.955 0
42 Y -4.618 0
42 E -4 1
42 C 1000 0
42 H 1000 0
42 W 1000 0
43 W -4 1
43 A 1000 0
43 R 1000 0
43 N 1000 0
43 D 1000 0
43 C 1000 0
43 E 1000 0
43 Q 1000 0
43 G 1000 0
43 H 1000 0
43 I 1000 0
43 L 1000 0
43 K 1000 0
43 M 1000 0
43 F 1000 0
43 P 1000 0
43 S 1000 0
43 T 1000 0
43 Y 1000 0
43 V 1000 0
44 A -4.66 0
44 D -3.932 0
44 E -4.253 0
44 F -4.026 0
44 G -3.906 0
44 H -4.291 0
44 I -4.701 0
44 K -4.213 0
44 L -4.171 0
44 M -3.902 0
44 N -4.002 0
44 P -0.0 0
44 R -4.103 0
44 S -4.346 0
44 V -3.858 0
44 Y -4.436 0
44 T -4 1
44 C 1000 0
44 Q 1000 0
44 W 1000 0
45 A -0.0 0
45 D -2.852 0
45 E -0.0 0
45 F -4.0 0
45 G -0.0 0
45 H -0.0 0
45 I -1.867 0
45 K -0.9301 0
45 L -2.32 0
45 M -1.616 0
45 N -0.0 0
45 P -0.0 0
45 Q -0.0 0
45 R -1.91 0
45 S -1.08 0
45 T -0.0 0
45 V -1.592 0
45 Y -4 1
45 C 1000 0
45 W 1000 0
46 A -2.074 0
46 E -3.985 0
46 F -3.526 0
46 G -1.361 0
46 H -3.142 0
46 K -3.473 0
46 L -3.593 0
46 M -3.266 0
46 N -4.423 0
46 P -0.0 0
46 Q -3.699 0
46 R -2.077 0
46 S -3.855 0
46 T -3.204 0
46 V -3.527 0
46 Y -2.408 0
46 D -4 1
46 C 1000 0
46 I 1000 0
46 W 1000 0
47 A -3.891 0
47 E -4.547 0
47 F -4.573 0
47 G -4.24 0
47 H -3.74 0
47 I -4.89 0
47 K -4.178 0
47 L -3.563 0
47 M -2.986 0
47 N -4.322 0
47 P -4.612 0
47 Q -4.534 0
47 R -4.081 0
47 S -4.357 0
47 T -3.867 0
47 V -3.853 0
47 Y -4.295 0
47 D -4 1
47 C 1000 0
47 W 1000 0
48 D -4.411 0
48 E -4.414 0
48 F -3.911 0
48 G -3.867 0
48 H -3.876 0
48 I -3.944 0
48 K -4.428 0
48 L -4.484 0
48 M -3.631 0
48 N -4.076 0
48 P -4.128 0
48 Q -4.542 0
48 R -4.015 0
48 S -4.284 0
48 T -4.1 0
48 V -4.339 0
48 Y -4.429 0
48 A -4 1
48 C 1000 0
48 W 1000 0
49 A -3.482 0
49 D -3.186 0
49 E -3.69 0
49 F -3.333 0
49 G -3.176 0
49 H -3.489 0
49 I -3.756 0
49 K -4.069 0
49 L -4.332 0
49 M -3.697 0
49 N -4.136 0
49 P -0.0 0
49 Q -3.677 0
49 R -3.553 0
49 S -4.219 0
49 V -3.663 0
49 Y -3.204 0
49 T -4 1
49 C 1000 0
49 W 1000 0
50 A -3.829 0
50 D -2.752 0
50 E -2.936 0
50 F -4.373 0
50 G -3.659 0
50 H -4.759 0
50 I -2.544 0
50 L -4.556 0
50 M -3.723 0
50 N -4.212 0
50 P -0.0 0
50 Q -5.398 0
50 R -4.714 0
50 S -3.794 0
50 T -2.881 0
50 V -2.681 0
50 Y -4.505 0
50 K -4 1
50 C 1000 0
50 W 1000 0
51 A -3.094 0
51 D -0.6174 0
51 E -3.321 0
51 F -0.0 0
51 G -1.571 0
51 H -1.891 0
51 I -3.774 0
51 K -2.696 0
51 L -3.014 0
51 M -3.107 0
51 N -1.833 0
51 P -0.0 0
51 Q -3.028 0
51 R -2.223 0
51 S -3.497 0
51 V -3.566 0
51 Y -2.486 0
51 T -4 1
51 C 1000 0
51 W 1000 0
52 A -0.0 0
52 D -0.0 0
52 E -0.0 0
52 G -0.0 0
52 H -1.43 0
52 I -3.824 0
52 K -0.0 0
52 L -1.599 0
52 M -1.288 0
52 N -0.0 0
52 P -2.219 0
52 Q -0.0 0
52 R -0.0 0
52 S -0.0 0
52 T -0.0 0
52 V -1.087 0
52 Y -3.71 0
52 F -4 1
52 C 1000 0
52 W 1000 0
53 A -2.881 0
53 D -2.387 0
53 E -3.532 0
53 F -3.934 0
53 G -0.0 0
53 I -3.854 0
53 K -3.582 0
53 L -3.668 0
53 M -4.042 0
53 N -3.449 0
53 P -0.0 0
53 Q -3.727 0
53 R -3.787 0
53 S -3.682 0
53 V -3.846 0
53 Y -4.146 0
53 T -4 1
53 C 1000 0
53 H 1000 0
53 W 1000 0
54 A -2.152 0
54 D -1.37 0
54 E -0.0 0
54 F -2.256 0
54 G -0.0 0
54 H -0.0 0
54 I -4.336 0
54 K -0.0 0
54 L -3.911 0
54 M -3.353 0
54 N -0.0 0
54 P -4.331 0
54 Q -1.134 0
54 R -0.0 0
54 S -2.683 0
54 T -2.465 0
54 Y -2.204 0
54 V -4 1
54 C 1000 0
54 W 1000 0
55 A -3.381 0
55 D -3.727 0
55 E -3.612 0
55 F -3.778 0
55 G -3.051 0
55 H -3.344 0
55 I -3.746 0
55 K -3.197 0
55 L -3.771 0
55 M -3.5 0
55 N -4.429 0
55 P -0.0 0
55 Q -4.027 0
55 R -3.953 0
55 S -4.485 0
55 V -3.744 0
55 Y -3.827 0
55 T -4 1
55 C 1000 0
55 W 1000 0
56 A -3.727 0
56 D -3.97 0
56 F -4.85 0
56 G -3.597 0
56 H -2.784 0
56 I -3.981 0
56 K -2.953 0
56 L -3.797 0
56 M -3.572 0
56 N -4.132 0
56 P -3.293 0
56 Q -4.195 0
56 R -2.671 0
56 S -3.721 0
56 T -3.704 0
56 V -3.667 0
56 Y -4.652 0
56 E -4 1
56 C 1000 0
56 W 1000 0
