1 A -113.709445608 0
1 C -114.983199918 0
1 D -117.762925945 0
1 E -116.740416631 0
1 F -114.358103386 0
1 G -115.324608126 0
1 H -116.265843314 0
1 I -116.753854071 0
1 K -115.802924227 0
1 L -117.049326995 0
1 M -115.752881852 1
1 N -116.123746305 0
1 P -112.311233367 0
1 Q -116.444871867 0
1 R -117.563411405 0
1 S -116.524735496 0
1 T -116.196532991 0
1 V -115.694344663 0
1 W -115.358447121 0
1 Y -116.827145369 0
2 A -115.076229971 0
2 C -114.738864488 0
2 D -115.14134125 0
2 E -118.733816374 0
2 F -116.612985509 0
2 G -114.743893337 0
2 H -117.180785597 0
2 I -119.36681081 0
2 K -118.69164259 0
2 L -118.93906879 0
2 M -118.058346379 0
2 N -115.870171106 0
2 P -113.868991471 0
2 Q -115.718885069 0
2 R -118.681594844 0
2 S -116.255023999 0
2 T -117.469708082 1
2 V -118.953132913 0
2 W -120.752427754 0
2 Y -118.684076983 0
3 A -112.865684248 0
3 C -111.735557895 0
3 D -109.347521825 0
3 E -112.329984325 0
3 F -124.532118813 0
3 G -106.947397919 0
3 H -117.44824534 0
3 I -113.248745356 0
3 K -108.308081645 0
3 L -116.609184172 0
3 M -116.275096671 0
3 N -113.646884916 0
3 P -78.953960243 0
3 Q -111.427462333 0
3 R -107.136435643 0
3 S -109.55378578 0
3 T -113.326586145 0
3 V -113.493179053 0
3 W -119.7007995 0
3 Y -123.28685003 1
4 A -121.067188481 0
4 C -119.881716129 0
4 D -117.441076843 0
4 E -120.08329372 0
4 F -124.060338171 0
4 G -118.348812873 0
4 H -124.324668481 0
4 I -122.54417973 0
4 K -123.768041555 1
4 L -122.711607704 0
4 M -123.377521387 0
4 N -119.778016497 0
4 P -90.8529439859 0
4 Q -120.735314405 0
4 R -129.771229303 0
4 S -120.078403118 0
4 T -122.629078233 0
4 V -123.27505464 0
4 W -123.389196434 0
4 Y -120.941870977 0
5 A -115.244882885 0
5 C -116.320373889 0
5 D -112.38043329 0
5 E -116.013869975 0
5 F -112.898638267 0
5 G -109.479423111 0
5 H -111.044577334 0
5 I -118.743994814 0
5 K -106.397101833 0
5 L -125.300065944 1
5 M -120.863980492 0
5 N -116.030012778 0
5 P -69.6902166898 0
5 Q -119.770363462 0
5 R -112.231784198 0
5 S -114.359134817 0
5 T -114.834805936 0
5 V -117.589352156 0
5 W -113.817080186 0
5 Y -103.570880249 0
6 A -118.24273791 0
6 C -117.287509922 0
6 D -116.222450349 0
6 E -119.851018388 0
6 F -122.141106442 0
6 G -115.941134562 0
6 H -120.353771297 0
6 I -121.897158097 1
6 K -124.084148848 0
6 L -122.185496639 0
6 M -120.811103013 0
6 N -118.726775975 0
6 P -83.8144102718 0
6 Q -119.657502759 0
6 R -124.851626437 0
6 S -118.379641509 0
6 T -119.964286766 0
6 V -121.519084632 0
6 W -123.073583791 0
6 Y -124.409143958 0
7 A -114.550626395 0
7 C -115.551647846 0
7 D -116.145223089 0
7 E -117.26093033 0
7 F -118.351625866 0
7 G -107.44203502 0
7 H -116.36270805 0
7 I -122.89564002 0
7 K -114.256366473 0
7 L -122.356112016 1
7 M -119.395140472 0
7 N -116.232231343 0
7 P -80.7944869179 0
7 Q -117.545517708 0
7 R -118.5190131 0
7 S -114.042136351 0
7 T -117.243060342 0
7 V -121.986517882 0
7 W -116.936551367 0
7 Y -115.876102309 0
8 A -118.20577243 0
8 C -114.767419607 0
8 D -119.043310604 0
8 E -116.741416524 0
8 F -120.534439284 0
8 G -114.0547944 0
8 H -120.381829158 0
8 I -117.824714819 0
8 K -118.773520838 0
8 L -118.887417269 0
8 M -116.081782007 0
8 N -119.326519756 1
8 P -79.2707356426 0
8 Q -117.426733928 0
8 R -120.774072858 0
8 S -116.25297611 0
8 T -115.74179585 0
8 V -116.648813267 0
8 W -116.422683319 0
8 Y -119.711752374 0
9 A -118.054216187 0
9 C -111.880124153 0
9 D -101.09030764 0
9 E -96.9915662603 0
9 F -99.6728770736 0
9 G -118.336655601 1
9 H -111.624694122 0
9 I -92.2399436241 0
9 K -85.9636992803 0
9 L -96.4721531994 0
9 M -95.2974142903 0
9 N -112.32228898 0
9 P -93.0595680228 0
9 Q -100.943502233 0
9 R -94.1248426742 0
9 S -116.805856343 0
9 T -111.151106394 0
9 V -91.7256546327 0
9 W -75.2306904906 0
9 Y -100.767290909 0
10 A -108.192458697 0
10 C -106.10319004 0
10 D -108.248297924 0
10 E -109.943063911 0
10 F -108.273892608 0
10 G -106.914725963 0
10 H -109.506417235 0
10 I -108.872125309 0
10 K -111.393981346 1
10 L -110.138969706 0
10 M -108.251051385 0
10 N -108.541778798 0
10 P -98.2331389986 0
10 Q -108.513129588 0
10 R -114.854610304 0
10 S -108.594477897 0
10 T -109.083245038 0
10 V -108.826517905 0
10 W -112.847188223 0
10 Y -113.177555103 0
11 A -106.553039144 0
11 C -106.495527994 0
11 D -109.099638881 0
11 E -110.048254764 0
11 F -111.536439147 0
11 G -106.202377729 0
11 H -112.712135954 0
11 I -108.720108021 0
11 K -110.855199334 0
11 L -109.859806059 0
11 M -107.631290399 0
11 N -109.026495918 0
11 P -83.741219357 0
11 Q -108.406046766 0
11 R -112.376413458 0
11 S -109.868392827 0
11 T -111.036978257 1
11 V -109.079329681 0
11 W -108.355653833 0
11 Y -110.580989086 0
12 A -110.905082894 0
12 C -109.881250901 0
12 D -116.004604462 0
12 E -116.660209236 0
12 F -117.581672348 0
12 G -105.881430928 0
12 H -113.121744044 0
12 I -119.661583934 0
12 K -113.010025363 0
12 L -120.010817313 1
12 M -117.490037298 0
12 N -112.062414496 0
12 P -90.238615711 0
12 Q -116.653716612 0
12 R -113.83267244 0
12 S -116.360625802 0
12 T -116.67958909 0
12 V -119.379651173 0
12 W -116.256452613 0
12 Y -117.606408703 0
13 A -114.668399444 0
13 C -114.108381938 0
13 D -111.432613615 0
13 E -115.584889479 0
13 F -115.058589133 0
13 G -114.14134595 0
13 H -116.908448788 0
13 I -116.925137736 0
13 K -118.893191078 1
13 L -117.15161811 0
13 M -115.788416785 0
13 N -114.709609969 0
13 P -98.6173042863 0
13 Q -116.483684384 0
13 R -120.456194483 0
13 S -115.517432552 0
13 T -117.232907028 0
13 V -117.498946727 0
13 W -116.741404368 0
13 Y -120.781831202 0
14 A -100.946766442 0
14 C -102.635828542 0
14 D -102.444440023 0
14 E -100.175305194 0
14 F -98.1860047494 0
14 G -119.353705655 1
14 H -108.232023693 0
14 I -94.3279543121 0
14 K -106.205019219 0
14 L -101.501643765 0
14 M -99.7272128482 0
14 N -104.343631108 0
14 P -50.0006582347 0
14 Q -99.2634954195 0
14 R -105.802080075 0
14 S -105.606618735 0
14 T -103.437418698 0
14 V -89.6290326841 0
14 W -95.9555287258 0
14 Y -101.465170896 0
15 A -118.236080078 0
15 C -117.799526927 0
15 D -116.627722631 0
15 E -120.97937511 1
15 F -120.057244151 0
15 G -119.706231622 0
15 H -119.959674166 0
15 I -120.262629385 0
15 K -121.424843889 0
15 L -119.86994075 0
15 M -121.327621424 0
15 N -118.234883838 0
15 P -103.207614097 0
15 Q -119.954839268 0
15 R -124.132891941 0
15 S -119.327737561 0
15 T -120.707171537 0
15 V -120.557139453 0
15 W -121.569481713 0
15 Y -121.280436161 0
16 A -119.283939372 0
16 C -119.370519115 0
16 D -117.934828377 0
16 E -118.946525505 0
16 F -120.959280701 0
16 G -116.280713006 0
16 H -120.784635181 0
16 I -123.333187801 0
16 K -119.914545843 0
16 L -121.939348983 0
16 M -122.582704678 0
16 N -117.703313375 0
16 P -77.2045518422 0
16 Q -119.246983754 0
16 R -126.665329409 0
16 S -119.951333291 0
16 T -121.644077491 1
16 V -122.487366604 0
16 W -123.457396307 0
16 Y -124.509748083 0
17 A -113.484516563 0
17 C -113.191092027 0
17 D -112.774235113 0
17 E -115.223224141 0
17 F -119.437914848 0
17 G -116.328656171 0
17 H -116.172849508 0
17 I -116.919616303 0
17 K -120.800957376 0
17 L -115.633025914 0
17 M -119.163621295 0
17 N -113.468917497 0
17 P -99.009976236 0
17 Q -117.207737652 0
17 R -123.343234117 0
17 S -115.138300491 0
17 T -117.002767897 1
17 V -116.743576128 0
17 W -124.063603471 0
17 Y -121.661064265 0
18 A -115.881539625 0
18 C -116.436652858 0
18 D -113.587028353 0
18 E -115.032417814 0
18 F -116.869578542 0
18 G -111.658738619 0
18 H -116.059527353 0
18 I -117.330713779 0
18 K -119.741872405 0
18 L -120.063977894 0
18 M -114.802564096 0
18 N -115.116769989 0
18 P -69.0414081542 0
18 Q -114.9394104 0
18 R -125.716446634 0
18 S -116.381524321 0
18 T -117.595182766 1
18 V -117.38177998 0
18 W -120.389748271 0
18 Y -122.34997879 0
19 A -112.847231025 0
19 C -111.91640502 0
19 D -113.791920309 0
19 E -115.302157673 1
19 F -113.710845252 0
19 G -114.035082236 0
19 H -114.250252188 0
19 I -115.112146246 0
19 K -115.921801014 0
19 L -115.853164081 0
19 M -114.085637332 0
19 N -113.60812422 0
19 P -112.746533208 0
19 Q -115.821346616 0
19 R -115.951652758 0
19 S -114.076487551 0
19 T -114.001850069 0
19 V -114.390966616 0
19 W -117.103518563 0
19 Y -115.719830965 0
20 A -117.117546074 1
20 C -113.640710671 0
20 D -109.025555119 0
20 E -107.98068726 0
20 F -101.601650313 0
20 G -108.917314586 0
20 H -109.541743615 0
20 I -97.9697296645 0
20 K -105.31347317 0
20 L -83.959739493 0
20 M -105.866512111 0
20 N -109.944838198 0
20 P -60.2655577725 0
20 Q -108.056354462 0
20 R -109.337681521 0
20 S -113.046561059 0
20 T -108.631628013 0
20 V -108.163598518 0
20 W -98.0190395806 0
20 Y -99.9831409235 0
21 A -110.647507901 0
21 C -107.785865852 0
21 D -112.338782839 0
21 E -113.72850769 0
21 F -111.691788827 0
21 G -111.247632521 0
21 H -111.376820251 0
21 I -111.340103019 0
21 K -113.587652732 0
21 L -111.568221019 0
21 M -111.557202084 0
21 N -110.75402712 0
21 P -108.211848274 0
21 Q -110.933091579 0
21 R -114.944552871 0
21 S -111.43672 0
21 T -111.252481543 0
21 V -111.069415096 1
21 W -113.422698217 0
21 Y -113.189066889 0
22 A -105.394963271 0
22 C -105.964391673 0
22 D -113.303871829 1
22 E -109.619166466 0
22 F -106.841282809 0
22 G -106.079542807 0
22 H -109.34131528 0
22 I -103.429163386 0
22 K -106.606876329 0
22 L -105.180102954 0
22 M -105.879579513 0
22 N -111.618020076 0
22 P -66.5708401842 0
22 Q -105.604406582 0
22 R -110.179618081 0
22 S -107.60429886 0
22 T -108.192669013 0
22 V -102.559791339 0
22 W -106.413534183 0
22 Y -107.919408135 0
23 A -118.135966782 1
23 C -115.545603815 0
23 D -117.931003646 0
23 E -117.734652301 0
23 F -118.307804666 0
23 G -114.595512148 0
23 H -114.988581558 0
23 I -111.515737016 0
23 K -121.654993244 0
23 L -113.316920802 0
23 M -117.411634581 0
23 N -115.084421387 0
23 P -106.431170379 0
23 Q -116.472562579 0
23 R -121.075535473 0
23 S -117.796042726 0
23 T -117.503000709 0
23 V -118.944733067 0
23 W -121.679475198 0
23 Y -118.357824457 0
24 A -112.450486217 1
24 C -109.430078466 0
24 D -113.664024759 0
24 E -113.70562921 0
24 F -110.611441819 0
24 G -111.821377327 0
24 H -111.965679248 0
24 I -112.255927395 0
24 K -114.047385189 0
24 L -111.429631743 0
24 M -111.771308231 0
24 N -112.345193295 0
24 P -105.736668726 0
24 Q -111.649858891 0
24 R -117.743895515 0
24 S -110.806836601 0
24 T -112.214130622 0
24 V -112.191332018 0
24 W -112.566713013 0
24 Y -113.180125239 0
25 A -111.835686025 0
25 C -109.571692838 0
25 D -112.290760471 0
25 E -115.697141182 0
25 F -112.851403857 0
25 G -110.997384869 0
25 H -113.298608877 0
25 I -112.752160853 0
25 K -112.704737289 0
25 L -113.738827248 0
25 M -112.954869253 0
25 N -110.000462736 0
25 P -99.5728441631 0
25 Q -114.551059751 0
25 R -115.177340854 0
25 S -111.92727592 0
25 T -114.216113223 1
25 V -112.251385187 0
25 W -112.681549739 0
25 Y -115.42506868 0
26 A -123.549198135 1
26 C -116.511070219 0
26 D -110.417262771 0
26 E -104.374698472 0
26 F -88.4451633457 0
26 G -111.744108135 0
26 H -92.1520094167 0
26 I -103.74558702 0
26 K -77.970109159 0
26 L -102.421909552 0
26 M -106.498110025 0
26 N -108.580506488 0
26 P -62.6271668469 0
26 Q -111.356716785 0
26 R -74.6309916171 0
26 S -116.935756806 0
26 T -116.464357062 0
26 V -114.803134783 0
26 W -88.8818583189 0
26 Y -81.8492270288 0
27 A -116.65967724 0
27 C -112.500321752 0
27 D -116.301523487 0
27 E -117.323429806 1
27 F -118.79619001 0
27 G -116.183523696 0
27 H -115.026038101 0
27 I -113.997739735 0
27 K -118.94558298 0
27 L -116.908117081 0
27 M -116.431562174 0
27 N -112.727880191 0
27 P -55.1256877252 0
27 Q -112.611228947 0
27 R -124.699944967 0
27 S -115.341779364 0
27 T -115.767289936 0
27 V -113.290138866 0
27 W -121.699643218 0
27 Y -122.475981854 0
28 A -111.689680053 0
28 C -109.680587559 0
28 D -111.096876544 0
28 E -112.265623958 0
28 F -113.620766685 0
28 G -112.578611838 0
28 H -112.966304653 0
28 I -112.351499769 0
28 K -116.025580036 1
28 L -112.096351214 0
28 M -113.110864166 0
28 N -111.114890015 0
28 P -55.2517430588 0
28 Q -110.797703288 0
28 R -117.383746403 0
28 S -111.876366173 0
28 T -112.406451115 0
28 V -111.737849778 0
28 W -115.911013041 0
28 Y -115.685701314 0
29 A -117.375459346 0
29 C -114.644531817 0
29 D -118.069679262 0
29 E -120.158370186 0
29 F -119.732033542 0
29 G -114.282848497 0
29 H -118.321326042 0
29 I -119.296395907 0
29 K -120.242200145 0
29 L -120.242498034 0
29 M -120.495084447 0
29 N -117.762814836 0
29 P -69.9496717136 0
29 Q -119.457633857 0
29 R -124.216215814 0
29 S -117.013024433 0
29 T -118.077918529 0
29 V -118.738453982 1
29 W -122.855653814 0
29 Y -123.47862458 0
30 A -113.252060685 0
30 C -112.458092492 0
30 D -112.622804763 0
30 E -110.608857495 0
30 F -125.150261518 1
30 G -108.261134443 0
30 H -117.639563484 0
30 I -110.146120141 0
30 K -111.196309074 0
30 L -118.088475067 0
30 M -120.27805065 0
30 N -113.916513896 0
30 P -38.2867652898 0
30 Q -113.78959349 0
30 R -115.865099131 0
30 S -111.561202218 0
30 T -110.296055814 0
30 V -113.033078362 0
30 W -122.377494813 0
30 Y -123.601795069 0
31 A -116.520592206 0
31 C -115.111931701 0
31 D -114.447036386 0
31 E -115.922185365 0
31 F -115.47303086 0
31 G -113.958828502 0
31 H -117.288391943 0
31 I -117.941307399 0
31 K -121.552172807 1
31 L -117.581083719 0
31 M -116.390819863 0
31 N -115.807284728 0
31 P -48.528239965 0
31 Q -116.43265069 0
31 R -124.603830445 0
31 S -115.180622073 0
31 T -115.93504137 0
31 V -118.303077782 0
31 W -120.525069265 0
31 Y -119.087137072 0
32 A -112.635713579 0
32 C -110.387174467 0
32 D -112.47155979 0
32 E -113.636777811 0
32 F -111.109038036 0
32 G -111.907854912 0
32 H -112.111319871 0
32 I -113.841348808 0
32 K -117.191172528 0
32 L -113.862463381 0
32 M -114.132106305 0
32 N -112.086773154 0
32 P -68.3731481604 0
32 Q -114.119708358 1
32 R -116.140763829 0
32 S -111.932845647 0
32 T -112.890619974 0
32 V -112.781857491 0
32 W -114.057547845 0
32 Y -112.425781162 0
33 A -111.621433836 0
33 C -110.369707802 0
33 D -111.305465544 0
33 E -116.626512473 0
33 F -120.41964441 0
33 G -109.48003121 0
33 H -117.750309744 0
33 I -114.373100673 0
33 K -117.832193547 0
33 L -113.994268623 0
33 M -116.675210494 0
33 N -111.325126352 0
33 P -49.8652353667 0
33 Q -116.184427142 0
33 R -125.483190982 0
33 S -111.313745762 0
33 T -112.225934099 0
33 V -112.599784752 0
33 W -117.970741452 0
33 Y -127.454899761 1
34 A -124.059782597 1
34 C -122.528742749 0
34 D -118.567982371 0
34 E -115.12357016 0
34 F -108.558695727 0
34 G -119.555387439 0
34 H -101.835623729 0
34 I -117.986144659 0
34 K -107.71020049 0
34 L -116.925592965 0
34 M -109.432057492 0
34 N -117.719493778 0
34 P -55.2685739913 0
34 Q -115.073911819 0
34 R -107.020051378 0
34 S -120.822684131 0
34 T -120.20300084 0
34 V -122.625200068 0
34 W -94.3053302273 0
34 Y -92.6649639049 0
35 A -111.134318976 0
35 C -108.731055489 0
35 D -110.852357129 0
35 E -111.018237109 0
35 F -110.038436873 0
35 G -111.533488838 0
35 H -111.996128864 0
35 I -110.856136071 0
35 K -116.085361009 0
35 L -112.015815459 0
35 M -112.187990959 0
35 N -110.38447007 1
35 P -49.9490372419 0
35 Q -111.08988095 0
35 R -126.609831526 0
35 S -110.150070481 0
35 T -110.685604059 0
35 V -110.160259787 0
35 W -119.051988676 0
35 Y -117.619262627 0
36 A -109.444712242 0
36 C -107.166283843 0
36 D -111.469227437 1
36 E -111.363716616 0
36 F -110.747581836 0
36 G -109.246554609 0
36 H -109.256777424 0
36 I -107.731368033 0
36 K -114.057976925 0
36 L -109.750021972 0
36 M -110.845607173 0
36 N -110.389419647 0
36 P -45.0794203248 0
36 Q -108.944767433 0
36 R -115.683298759 0
36 S -108.258139216 0
36 T -108.023851523 0
36 V -107.12086966 0
36 W -114.748819378 0
36 Y -112.896289515 0
37 A -111.427080196 0
37 C -111.455144017 0
37 D -111.229638386 0
37 E -112.710198375 0
37 F -114.821522474 0
37 G -109.911410606 0
37 H -114.543746101 0
37 I -108.38217626 0
37 K -118.221684298 0
37 L -115.56778485 0
37 M -114.58528221 0
37 N -114.076331432 1
37 P -55.3946324585 0
37 Q -112.827608815 0
37 R -121.492512752 0
37 S -110.809110894 0
37 T -111.426214844 0
37 V -112.563188932 0
37 W -117.320707652 0
37 Y -121.735975633 0
38 A -105.313049057 0
38 C -104.508852636 0
38 D -107.961988098 0
38 E -107.221110385 0
38 F -107.809153616 0
38 G -111.52387372 1
38 H -108.313736261 0
38 I -89.7847968387 0
38 K -111.202039456 0
38 L -107.305092567 0
38 M -106.938684879 0
38 N -109.222850311 0
38 P -45.7262039997 0
38 Q -106.968330511 0
38 R -113.666177409 0
38 S -106.33745165 0
38 T -101.671928422 0
38 V -88.1035189761 0
38 W -108.16467092 0
38 Y -109.397418443 0
39 A -112.814961147 0
39 C -113.465256053 0
39 D -113.149273847 0
39 E -109.529172335 0
39 F -109.525450719 0
39 G -108.701666583 0
39 H -110.530346477 0
39 I -119.463274188 0
39 K -104.876641259 0
39 L -115.987577047 0
39 M -116.760635224 0
39 N -115.289583542 0
39 P -64.8180796577 0
39 Q -114.22048016 0
39 R -111.170938749 0
39 S -112.543899315 0
39 T -116.761881395 0
39 V -120.525661453 1
39 W -82.2715017646 0
39 Y -98.3255223486 0
40 A -109.039562588 0
40 C -108.929130021 0
40 D -113.339423737 1
40 E -111.54521836 0
40 F -113.553220634 0
40 G -107.827886264 0
40 H -114.09031285 0
40 I -112.023508355 0
40 K -116.309910107 0
40 L -112.039581057 0
40 M -109.496919489 0
40 N -113.15218786 0
40 P -87.6840594858 0
40 Q -110.367487255 0
40 R -118.608040811 0
40 S -112.1430749 0
40 T -110.800258581 0
40 V -112.210687684 0
40 W -114.791256434 0
40 Y -117.294976196 0
41 A -95.2815463056 0
41 C -87.5364066725 0
41 D -91.2996585166 0
41 E -77.3453042871 0
41 F -74.1709316942 0
41 G -117.614657255 1
41 H -74.6094478668 0
41 I -69.5234433632 0
41 K -42.1587777978 0
41 L -74.0186243229 0
41 M -61.6132849178 0
41 N -90.4340104162 0
41 P -72.5724507153 0
41 Q -67.1637143942 0
41 R -41.2723956711 0
41 S -92.7193035254 0
41 T -85.7536821512 0
41 V -78.2211255238 0
41 W -66.2519843195 0
41 Y -56.8213367274 0
42 A -113.797052281 0
42 C -111.813009484 0
42 D -114.362790853 0
42 E -115.04611169 1
42 F -114.894596495 0
42 G -114.830506574 0
42 H -114.388180926 0
42 I -114.6561908 0
42 K -117.146010443 0
42 L -115.311370377 0
42 M -114.44090655 0
42 N -114.113526509 0
42 P -91.9788339203 0
42 Q -114.181416176 0
42 R -117.208119557 0
42 S -114.478180191 0
42 T -114.252403478 0
42 V -114.419295335 0
42 W -116.548452395 0
42 Y -115.941375916 0
43 A -105.787221417 0
43 C -106.596345021 0
43 D -108.080346332 0
43 E -107.289892357 0
43 F -113.646354957 0
43 G -102.859054616 0
43 H -109.758492712 0
43 I -109.786702286 0
43 K -112.488180432 0
43 L -110.395592012 0
43 M -109.082420504 0
43 N -106.670657153 0
43 P -98.8196661254 0
43 Q -105.763203304 0
43 R -116.429698654 0
43 S -104.812137766 0
43 T -109.380266933 0
43 V -108.974368528 0
43 W -124.014534269 1
43 Y -119.249318976 0
44 A -118.24509814 0
44 C -116.833891528 0
44 D -117.847793315 0
44 E -117.793625911 0
44 F -120.763335012 0
44 G -117.486230674 0
44 H -120.791688015 0
44 I -117.028382494 0
44 K -119.138501922 0
44 L -119.023252487 0
44 M -118.824679924 0
44 N -117.408922258 0
44 P -76.8839475745 0
44 Q -118.497535244 0
44 R -122.904920676 0
44 S -118.725380669 0
44 T -118.183142168 1
44 V -117.70918669 0
44 W -121.797680464 0
44 Y -122.367634633 0
45 A -108.397035127 0
45 C -108.354911969 0
45 D -104.985262958 0
45 E -110.945718314 0
45 F -119.483548595 0
45 G -103.29541596 0
45 H -113.321123249 0
45 I -110.738284221 0
45 K -115.25864084 0
45 L -112.966630756 0
45 M -114.464607414 0
45 N -108.932708428 0
45 P -88.2193833796 0
45 Q -112.420798043 0
45 R -119.250710763 0
45 S -108.500520611 0
45 T -109.311064945 0
45 V -110.952424453 0
45 W -118.676951585 0
45 Y -124.945618532 1
46 A -108.365302297 0
46 C -108.64581556 0
46 D -115.030541009 1
46 E -114.163461055 0
46 F -113.868979446 0
46 G -103.525515063 0
46 H -110.9496977 0
46 I -112.930811012 0
46 K -114.444776344 0
46 L -112.003841022 0
46 M -110.435819058 0
46 N -112.743734078 0
46 P -80.0162521109 0
46 Q -109.983341413 0
46 R -116.657980135 0
46 S -110.185549068 0
46 T -110.388380607 0
46 V -112.240667718 0
46 W -114.273785227 0
46 Y -115.677573341 0
47 A -108.853055684 0
47 C -106.321899593 0
47 D -112.030532437 1
47 E -113.135795457 0
47 F -112.474799611 0
47 G -113.344732588 0
47 H -112.90797762 0
47 I -106.328225159 0
47 K -115.287190606 0
47 L -108.743648109 0
47 M -111.358123624 0
47 N -108.796141012 0
47 P -112.42191172 0
47 Q -111.382035559 0
47 R -117.177774334 0
47 S -110.904784923 0
47 T -108.216618568 0
47 V -105.995297148 0
47 W -114.835381848 0
47 Y -113.651236901 0
48 A -111.036132456 1
48 C -108.4768568 0
48 D -111.048745749 0
48 E -110.813830287 0
48 F -111.149464474 0
48 G -112.03503225 0
48 H -111.229381218 0
48 I -108.47600445 0
48 K -114.924671982 0
48 L -111.408555647 0
48 M -113.416462796 0
48 N -111.621162225 0
48 P -89.1986126262 0
48 Q -109.855764396 0
48 R -118.559297321 0
48 S -111.281142675 0
48 T -110.09376479 0
48 V -109.115191851 0
48 W -114.550475799 0
48 Y -113.364706168 0
49 A -111.272139731 0
49 C -110.445403834 0
49 D -110.751152 0
49 E -114.712304962 0
49 F -116.516417698 0
49 G -112.128833513 0
49 H -116.573486837 0
49 I -115.096982047 0
49 K -117.742052501 0
49 L -115.326241699 0
49 M -112.850699463 0
49 N -114.171545147 0
49 P -86.747152935 0
49 Q -115.521216069 0
49 R -123.413575462 0
49 S -114.243388869 0
49 T -115.670560974 1
49 V -115.932617342 0
49 W -118.371803305 0
49 Y -118.671963806 0
50 A -115.383481536 0
50 C -112.804478416 0
50 D -113.474684129 0
50 E -115.150304574 0
50 F -118.337030397 0
50 G -114.485116137 0
50 H -118.236106739 0
50 I -97.1137930099 0
50 K -122.204328253 1
50 L -117.664092522 0
50 M -116.951451034 0
50 N -117.225486493 0
50 P -58.5867938536 0
50 Q -118.072405572 0
50 R -120.458104059 0
50 S -113.592179443 0
50 T -108.097419456 0
50 V -101.909885642 0
50 W -118.505411367 0
50 Y -118.65426143 0
51 A -120.016920863 0
51 C -122.421527791 0
51 D -120.293693117 0
51 E -123.473927851 0
51 F -122.161277625 0
51 G -116.322621339 0
51 H -122.130248289 0
51 I -125.661550906 0
51 K -120.9796302 0
51 L -123.501454429 0
51 M -121.72576712 0
51 N -116.822140425 0
51 P -79.2571093903 0
51 Q -122.140037782 0
51 R -122.57265999 0
51 S -121.410558266 0
51 T -123.395782001 1
51 V -123.657123629 0
51 W -122.892032392 0
51 Y -122.678231979 0
52 A -114.816687027 0
52 C -114.138369873 0
52 D -113.334426603 0
52 E -116.303867411 0
52 F -126.458961615 1
52 G -110.117139316 0
52 H -118.7322992 0
52 I -114.847048606 0
52 K -105.380998934 0
52 L -117.252302624 0
52 M -118.8242987 0
52 N -114.493009993 0
52 P -82.92615953 0
52 Q -114.963747174 0
52 R -113.579279875 0
52 S -113.615533751 0
52 T -114.377859321 0
52 V -115.797427957 0
52 W -122.755016092 0
52 Y -125.330275664 0
53 A -120.997371105 0
53 C -119.95513161 0
53 D -116.326678573 0
53 E -120.595671084 0
53 F -123.988925843 0
53 G -121.682792186 0
53 H -121.262563523 0
53 I -121.876292293 0
53 K -125.129693088 0
53 L -124.226483719 0
53 M -121.449282202 0
53 N -120.235878149 0
53 P -87.0247716447 0
53 Q -121.650762248 0
53 R -125.845719523 0
53 S -121.672516563 0
53 T -121.348715706 1
53 V -122.542252314 0
53 W -125.757041186 0
53 Y -124.263529728 0
54 A -113.487471954 0
54 C -114.474691227 0
54 D -112.492276041 0
54 E -115.968950683 0
54 F -110.604204748 0
54 G -107.013832166 0
54 H -104.107317403 0
54 I -119.047801687 0
54 K -106.688979378 0
54 L -114.838719963 0
54 M -105.925966387 0
54 N -111.513636841 0
54 P -76.5515484694 0
54 Q -113.22347351 0
54 R -107.481474684 0
54 S -114.352000442 0
54 T -116.951323362 0
54 V -121.307789118 1
54 W -108.024467409 0
54 Y -106.613571765 0
55 A -116.641651387 0
55 C -116.640232548 0
55 D -116.732776413 0
55 E -118.487920358 0
55 F -116.662877132 0
55 G -113.534945333 0
55 H -120.105958629 0
55 I -120.221649959 0
55 K -119.429495814 0
55 L -118.312365838 0
55 M -119.328509936 0
55 N -117.595639003 0
55 P -81.4988528563 0
55 Q -118.549312111 0
55 R -123.243961336 0
55 S -116.932517782 0
55 T -118.456410126 1
55 V -120.140445881 0
55 W -119.784528969 0
55 Y -119.257579447 0
56 A -109.882558448 0
56 C -110.164119512 0
56 D -111.73485168 0
56 E -116.008589679 1
56 F -106.572130807 0
56 G -107.425414283 0
56 H -107.644767585 0
56 I -111.044231013 0
56 K -108.526111255 0
56 L -104.378379729 0
56 M -111.141107591 0
56 N -108.157351717 0
56 P -75.3419581499 0
56 Q -113.0485581 0
56 R -111.203108056 0
56 S -109.327185303 0
56 T -109.293194051 0
56 V -111.825194727 0
56 W -105.617752251 0
56 Y -106.939269511 0
